214
2.4370211183037866e-05
2.6717041358398882e-05
2.928986924180678e-05
3.2110458216304204e-05
3.520266745982288e-05
3.8592653768411504e-05
4.230909281486535e-05
4.638342171436973e-05
5.0850104949004256e-05
5.574692590054604e-05
6.111530645762857e-05
6.700065740079262e-05
7.345276252931309e-05
8.052619977910596e-05
8.828080289392386e-05
9.67821675550869e-05
0.00010610220625106718
0.00011631975658053226
0.00012693904526869804
0.00013810992423130808
0.00015026386192524177
0.0001634873694005666
0.00017787457084535006
0.0001935278735563764
0.0002103484897074156
0.0002265788440954475
0.00024406152220554414
0.00026289315253190555
0.0002831778193612929
0.00030307444706903394
0.0003240478636526236
0.00034647268667262773
0.0003693837404204287
0.000393140918761789
0.00041842605694810835
0.00044450386916960257
0.0004721615946890261
0.0005018371943571922
0.0005335373236474069
0.0005677695603739937
0.0006044983999973854
0.0006436668223898546
0.000685176129130132
0.0007287040385460718
0.00077345012917019
0.0008190812830961525
0.0008646450227898722
0.000908744559578153
0.0009490256776999683
0.0009839929924582325
0.0010147703379964847
0.0010422548408949893
0.0010671757590957887
0.0010904344848023636
0.0011131538245327782
0.0011368150782917002
0.0011629692568587216
0.001193360636516674
0.0012294681958609566
0.0012702151249534188
0.0013149603747281237
0.0013638992208423793
0.001417250735119935
0.0014758122865442445
0.0015399323470481631
0.001610312781737023
0.0016875800778004969
0.0017728408818158262
0.0018667678341425205
0.0019705736974199107
0.002085631875276592
0.002213501790871397
0.002355958235689002
0.002517999110293455
0.0027209776735785804
0.0029754461021248182
0.0032930158405220446
0.003687426079779859
0.004174728740578233
0.004776675651172345
0.00551573719321514
0.006415265705747714
0.007489969851838844
0.008731123767390795
0.010076437754136896
0.01136316762940484
0.012291128420714939
0.013014956517700993
0.013753848534739065
0.014502764871637742
0.015255654786885762
0.016005252164730817
0.01674326644009552
0.0174602096806851
0.01814546309009358
0.01878755737094318
0.019374196380762907
0.01989261793089188
0.020329981297516928
0.020673827209245918
0.020912526907611417
0.02103602368702731
0.021063931377839185
0.021083032652020606
0.02110017983378242
0.02111527733367616
0.021128229839516365
0.02113894244993899
0.021147320813824196
0.02115327108686711
0.021156700055143862
0.021155125699995177
0.021066821097428558
0.02085690145944076
0.020534924160712762
0.02011250608016155
0.019602640858246024
0.01901902827391517
0.018375569197166736
0.017685729378612715
0.01696216932547438
0.016216566248495982
0.01545930843711192
0.014699468609750773
0.01394475869624043
0.013201621485455218
0.012475281800244998
0.011665037020488217
0.010460990804405374
0.00910379706023757
0.007803548326801543
0.006661489148969053
0.005704664288050398
0.004922750596536702
0.004290906832426962
0.003782297110725205
0.0033737917123631725
0.00304488659158519
0.0027806246822905693
0.0025685065004951166
0.0023988929156856923
0.0022523154533354963
0.002120748207403146
0.0020023260876316433
0.0018954072036048422
0.00179866093321673
0.00171097851842663
0.0016315154677333707
0.0015591283159479752
0.0014931760094005584
0.0014331285580852656
0.001378235002931465
0.0013280598315243575
0.0012823228496998862
0.0012403663049275508
0.0012023510121786272
0.0011708018487398095
0.0011438012712268407
0.0011195582013030416
0.0010965653145746071
0.001073492775701608
0.0010491714012393944
0.0010225949099067217
0.0009929375735562706
0.0009592255177570008
0.0009202863776548469
0.0008774367006486975
0.000832440486236398
0.0007867933976152507
0.0007416258174211439
0.0006976243160235094
0.0006552604551871433
0.0006153087686213576
0.0005776876980802078
0.0005427877065012012
0.0005101249487750499
0.00048018223951899796
0.0004519846271880512
0.000425276491033863
0.0004001465601856136
0.0003756962608043326
0.0003525137782251201
0.0003305957397963183
0.0003086383688714384
0.0002881393535146921
0.0002690018332699525
0.0002494762623082383
0.00023111193670235052
0.00021409943692484888
0.00019833925302860318
0.00018270358199996893
0.00016771206223956394
0.0001539506533629656
0.00014131842012072267
0.00012972270938227946
0.00011907847055680969
0.00010920517274159458
9.955262567626896e-05
9.075325857035746e-05
8.273165961410352e-05
7.541908257980225e-05
6.875285765702702e-05
6.26758543636074e-05
5.71359919292991e-05
5.208579295634582e-05
4.748197653150191e-05
4.3285087302560136e-05
3.945915734039984e-05
3.5971397888860076e-05
3.279191836046399e-05
2.9893470169860042e-05
2.725121320972219e-05
2.4842502967430526e-05
2.264669645850555e-05
