217
2.220530204433716e-05
2.4335759711069183e-05
2.6670621256688987e-05
2.922949793485197e-05
3.203388257441664e-05
3.5107330104632236e-05
3.847565540057118e-05
4.216715011057404e-05
4.621282028691026e-05
5.064664681559129e-05
5.550587083276977e-05
6.083130652502909e-05
6.666768394087353e-05
7.306402469280321e-05
8.007405370561627e-05
8.775665046934492e-05
9.617634358704417e-05
0.00010540385277129888
0.00011551668284185291
0.00012577558512468366
0.00013665261003604739
0.00014847027593751383
0.000161309929105245
0.00017525995061052146
0.00019041636468615674
0.00020660497370030584
0.00022207206279761707
0.00023869706615449094
0.0002565666688235618
0.00027577404536934967
0.00029472270469526755
0.0003145411835355145
0.00033569234593655947
0.0003575712298154539
0.00038012568800129947
0.000404102809817884
0.00042938599589513346
0.00045618214409072385
0.0004850106477349627
0.000516187619670941
0.0005494887240852615
0.0005851535410968413
0.0006227845720020031
0.0006625404507348913
0.0007031475268648616
0.0007446973034479055
0.0007865121929259542
0.0008262003864416011
0.0008626513285538896
0.0008949496077754679
0.0009232688588834019
0.0009485205415703936
0.0009713767551373082
0.0009926757048130041
0.0010134687211848295
0.0010349993456716404
0.001058701338628322
0.0010862213560481411
0.0011188776610405275
0.001155991741673224
0.0011965445545006996
0.001240807841508352
0.0012893704940295113
0.0013425877105453215
0.0014007453610051475
0.001464611382691576
0.001534887791220259
0.0016121187861731264
0.0016973964648201775
0.0017917084572995577
0.0018960956377241738
0.0020120481095183035
0.002141263635079895
0.00228820908079841
0.0024712573457029833
0.0027008188995662715
0.002987712637227964
0.003343313220605992
0.0037830752753387565
0.004325991206546505
0.004992891505766711
0.005804664117664227
0.006775658088095562
0.00789936386366478
0.00912226394406366
0.010302790899398319
0.011171416409101383
0.011838179476871968
0.012522089500446304
0.013219381679249348
0.01392557591791149
0.014635232018311342
0.015342035194836233
0.016038707878581016
0.01671706607843105
0.01736804124975426
0.017981797800117685
0.018547889595617116
0.019055497175591463
0.019493664055037097
0.0198517105371303
0.020119598128523406
0.02028837068283075
0.020351075209063853
0.020367342442477537
0.02038215163774477
0.020395427666786595
0.020407093884063216
0.02041707582711413
0.020425298416216833
0.02043168591718251
0.020436165461564435
0.02043866183033017
0.020434403003379144
0.020345483421737826
0.020148731314087724
0.019851975505718645
0.01946470391335478
0.01899765793049186
0.018462239334558362
0.01787014316388676
0.01723291875851175
0.01656156292475978
0.015866400542926255
0.015156746051697484
0.014440971625138134
0.013726301599912756
0.013018968778213822
0.012324099509544544
0.01164590132146784
0.010978701144941582
0.01001352672774102
0.00880502325541757
0.007583378828033302
0.006478492922550812
0.0055379224558374214
0.004762801216030417
0.004133885770124954
0.0036273552888246865
0.0032197942885751566
0.0028919621109228717
0.0026281747501401
0.002416705561099296
0.002246634485359386
0.0021066893856914494
0.0019813275131326516
0.0018685404643154812
0.0017668101059719603
0.0016748286934579898
0.0015917561796790294
0.0015162222298695735
0.0014476169327441114
0.0013851394078992728
0.0013282822641095765
0.0012762229489160079
0.0012288286860512093
0.0011855401990209266
0.0011458878255830383
0.0011096836973608912
0.0010783804700076117
0.0010520476073733233
0.0010290789873394505
0.0010078993374464187
0.0009871392421544362
0.0009656402211000017
0.0009423673070075411
0.0009164988019427396
0.000887364912816527
0.0008536196066939261
0.0008159377440346043
0.0007757937347129764
0.0007345945063999778
0.0006930221418378138
0.0006521602166245429
0.0006130486248329656
0.0005756854275088967
0.0005405691998853526
0.0005075835194126163
0.00047721728313374924
0.0004487313621187322
0.00042237355973866934
0.00039763483121657404
0.00037399462812684345
0.00035143610942141827
0.00033023827006245943
0.00030922808743394397
0.0002892545720820349
0.0002705711766504131
0.0002522302796395408
0.00023417065982298948
0.00021740410390179484
0.0002018380288507149
0.0001871258198512507
0.00017198403929600043
0.0001580674959558243
0.0001452770465214089
0.00013352157012648937
0.00012271731919064413
0.00011278732279041128
0.00010324016662245553
9.414331317778013e-05
8.584801541922901e-05
7.828364546193093e-05
7.138579869181448e-05
6.509574541143706e-05
5.935993080309239e-05
5.412951895208532e-05
4.935997704754163e-05
4.5010696220853814e-05
4.104464579338344e-05
3.742805798956654e-05
3.4130140431037465e-05
3.11228139639726e-05
2.8380473587370647e-05
2.587977044671106e-05
2.359941303701946e-05
2.1519985922532114e-05
