200
3.611072435421061e-05
3.962819413976432e-05
4.348829326642234e-05
4.772439653838848e-05
5.2373129729418785e-05
5.7474686252934876e-05
6.30731746783077e-05
6.921700009797223e-05
7.595928264271149e-05
8.335831676363508e-05
9.147807525185028e-05
0.00010038876235363011
0.00011016742076336789
0.00012089859774244012
0.0001326750761233081
0.00014499998524250123
0.00015841856129304816
0.00017307891804393909
0.00018909597225697785
0.00020659527531096623
0.00022571399734950683
0.0002451967557408986
0.0002663212537601228
0.0002892656959919684
0.00031403501309714197
0.00033867716423543174
0.000365252971136286
0.00039368918845180214
0.0004221716533311947
0.00045271475596596
0.0004841050956565318
0.000516961716750579
0.0005510726399301155
0.0005867082295432537
0.0006237952259350078
0.0006628851942773822
0.0007040312920386599
0.0007481261108258064
0.0007954749975879735
0.0008465917643006541
0.0009015085844762807
0.0009599990073208902
0.0010218406954289503
0.001086567765312777
0.0011534351859265647
0.0012213869938162778
0.0012884308913563116
0.0013526115408459033
0.0014119183131251838
0.0014632397691150285
0.001508135799921845
0.0015484690816037604
0.0015849372704704286
0.0016192177784513193
0.0016529246857687437
0.0016882053998483405
0.0017272718487186937
0.0017726738164131302
0.0018275441124382173
0.001888742798418093
0.001955586391202825
0.002028651204079764
0.002108580606359765
0.0021960915696874494
0.002291983780155209
0.0023971889825926736
0.002513021516576039
0.002640371480892893
0.002781078169196301
0.0029365586117723113
0.0031088843033090134
0.003300407716268206
0.003513806921218293
0.0037585960210098617
0.004067017579682103
0.004455241695407368
0.004939935299245039
0.005541596568406094
0.006286727834498648
0.0072073926336177095
0.008338394908935436
0.009713277594435195
0.011351111546295986
0.013229317672294627
0.015234500175302635
0.017088688325149606
0.018333800082237003
0.019331448006725996
0.020316286838350208
0.021268734052900393
0.022165656138047198
0.022980476321066888
0.023683778098712444
0.024244420386535008
0.024631065370917218
0.0248144308121168
0.024875508569717132
0.024929348283820745
0.024975808362084885
0.025014572443703184
0.025045330164234766
0.02506777846017253
0.02508162291064958
0.025086579111699935
0.02497590185343701
0.024638427663571414
0.024104264313959508
0.023408387525432152
0.022587228194957374
0.021675991742979208
0.02070686041408476
0.019707675797230026
0.018701654413021095
0.017648693068193968
0.016008777524377994
0.014018916722914955
0.012041874252708626
0.010272803117385374
0.00877742332453037
0.007550878133497004
0.006559177695251402
0.005761987198655124
0.005122304691794474
0.004608658169332866
0.004196400684328863
0.0038661555152823585
0.0036027824452449816
0.003380608696166155
0.0031813648691738014
0.0030019908742096755
0.0028401723692856175
0.0026938682697221997
0.002561258640376255
0.0024410506284924848
0.0023316098147103084
0.002232122867023446
0.0021413446564891602
0.002058468500524361
0.001982767643316418
0.0019135869497554773
0.0018503355018596975
0.0017928901144591807
0.0017439079116561619
0.001702524502570493
0.0016660998464465072
0.00163192157896135
0.0015980473881992347
0.0015624909993207192
0.0015239267600726178
0.0014810174826737459
0.0014325787738411646
0.0013765029801824365
0.001314448038218429
0.001247917823872067
0.0011802023064236672
0.0011128306874575397
0.001047037350284068
0.0009837650086470327
0.000923680834142649
0.0008672014850974743
0.0008145233046161013
0.0007656544901962334
0.0007203187066061865
0.0006781599497609434
0.000638330483487641
0.0006004466223352259
0.0005644610273732747
0.0005295717027698561
0.0004966282779637353
0.00046424965577596984
0.0004339820192515234
0.0004040023842684438
0.0003760200879452809
0.00034889950216970925
0.00032279351867487636
0.00029864088383773735
0.0002753434268579449
0.00025313220739019425
0.00023271270772441566
0.0002139403946055351
0.00019602295615582
0.00017926722815964535
0.00016394375292707212
0.00014993010378828005
0.0001371143189088947
0.00012539400677263822
0.00011434399873141651
0.0001041381022332453
9.484314399582611e-05
8.637781724566497e-05
7.866807233271358e-05
7.1646468988017e-05
6.525158639633132e-05
5.942748592328603e-05
5.4123221797421985e-05
4.9292395466874114e-05
4.489274973239992e-05
4.0885799106483864e-05
3.723649316516121e-05
3.391290994772697e-05
