196
4.104954056559044e-05
4.5058702869320723e-05
4.945942576438014e-05
5.4289951577984874e-05
5.959225762913345e-05
6.541242101194058e-05
7.180101900605884e-05
7.8813568593759e-05
8.651100890307698e-05
9.496023076946311e-05
0.00010423465801783017
0.00011441488551634689
0.0001255893795466714
0.00013785524657684842
0.00015079149664970397
0.00016489760556578562
0.00018032330022226613
0.00019719202405323668
0.0002156387682694531
0.0002356207031186883
0.000256414111063288
0.00027904252674798753
0.00030366788867825916
0.00032975584169959857
0.0003567211590947812
0.00038589152716768724
0.00041627499141526787
0.0004476211396230883
0.00048112405476664335
0.0005151294943984567
0.0005513957146869718
0.0005883679760922748
0.0006273485093294521
0.0006677555629927568
0.0007099818240366677
0.0007544112542600407
0.0008012420228510884
0.0008513605986406306
0.0009053891243551029
0.0009635962656667313
0.0010260402163834322
0.001092608661586018
0.0011629973819990177
0.0012366778387277674
0.0013128655360051885
0.0013897484344386653
0.0014660287784729418
0.0015393980259150832
0.001606224459404302
0.0016644367674950899
0.0017156235435173894
0.0017610552782552124
0.0018025139358196953
0.0018414513335690496
0.001879758828156463
0.001919800888732449
0.001964330386068544
0.0020163933483517676
0.0020787594835058746
0.0021483900033670866
0.002224481273485521
0.0023077519674897214
0.0023987910475967095
0.0024983506250620987
0.0026076810353396576
0.0027274993123198032
0.002859343100013362
0.0030045186533852655
0.0031646754803756156
0.0033417434029054064
0.0035380363818209846
0.0037562208409092856
0.003999350837837989
0.004278824290448752
0.004631665451100847
0.005075900236319361
0.005630465777242016
0.006319467266032489
0.007173880823244961
0.008229412882271196
0.009526481770707251
0.0111031918017233
0.012979986628515185
0.015127831273497358
0.017410202501275476
0.01949843025963756
0.020867829729128685
0.02196350395470667
0.02302377115805611
0.024014495125902067
0.024895171023959092
0.02561994719237078
0.026139724255060382
0.026405791647900297
0.026483044578384823
0.026547273077001155
0.026601814095181392
0.026646368480923208
0.02668066024636527
0.02670441921403818
0.02671739031527776
0.02670265229611082
0.026444265985045748
0.025911821104877775
0.02515903479325752
0.024242481230186717
0.02321642572810371
0.022129049381993223
0.021020511613475935
0.019762124507906296
0.017788345869116845
0.015501466382525598
0.0132829760718786
0.011324461806457978
0.009681724604042832
0.008339849105898257
0.007257537029564564
0.006388546643662563
0.005691533896574421
0.005132529447191446
0.004684110447225885
0.0043257600149264564
0.004039661879738495
0.0037929875401272652
0.003571498132446651
0.0033720283743951724
0.0031919953285081746
0.0030291190903456028
0.0028815337337624947
0.00274757203464453
0.0026257420253036515
0.002514706215266925
0.00241353914768226
0.0023210807113703087
0.002236739046730642
0.0021595638928632583
0.0020889558463796963
0.002025193501084023
0.001971745979149289
0.001926288741861751
0.0018856181092990604
0.0018470343986544784
0.0018082416704719633
0.0017673070746092015
0.0017226665708222615
0.001672624989434602
0.0016157907174803169
0.0015506681221345029
0.0014782645392670748
0.0014026334119503392
0.0013253692682303705
0.001249051607031712
0.001174759876795978
0.0011035090506456863
0.0010360737508778395
0.0009727854822348686
0.0009137909771731493
0.0008590797734897996
0.000808390761627491
0.000761140320454996
0.0007163772784981196
0.0006737485995435373
0.0006331645858260206
0.0005940191133442616
0.0005564457494419648
0.0005205946552957639
0.0004857102273914136
0.00045279284814146107
0.0004206628014937459
0.00039036428334895354
0.0003614421822703636
0.0003334593771251983
0.00030764299699127226
0.00028309868839125087
0.0002598186471167972
0.00023845299239361715
0.00021884429856148884
0.00020024520431034866
0.00018297478135842436
0.0001671938697781505
0.00015277400461342637
0.0001395978005449278
0.00012755799631155443
0.00011617224167121007
0.00010577945787549446
9.631641386503715e-05
8.769993499815494e-05
7.985428744740014e-05
7.271051254332789e-05
6.620582066799964e-05
6.0283039370825995e-05
5.489011085609505e-05
4.99796344252057e-05
4.5508449852224047e-05
4.143725803059137e-05
3.773027555694358e-05
