200
3.625457783389192e-05
3.978637377421464e-05
4.3662225094832506e-05
4.791564848433974e-05
5.258342571154334e-05
5.770592169831714e-05
6.332743357801618e-05
6.949657375795808e-05
7.626669029853031e-05
8.369632824418016e-05
9.184973589567894e-05
0.0001007974204016841
0.00011061675747411509
0.00012139266049989866
0.0001332183148352726
0.00014557834148634977
0.0001590553902452406
0.00017378008917925416
0.00018986794065002259
0.00020744513975646026
0.0002266346546526924
0.00024617615630110517
0.0002674026177684835
0.00029045932418401586
0.00031525885684342917
0.0003400294078641115
0.00036674623314338816
0.00039523654296476064
0.0004238669898797453
0.00045457139100048966
0.0004860390286463914
0.0005190676357666974
0.0005532774876955324
0.0005890923584756628
0.0006263014403807549
0.0006655477224624734
0.0007068598635564964
0.000751138103282105
0.0007986890149467798
0.0008499908491389575
0.0009051336940924568
0.0009638690381359973
0.0010259671617053687
0.001090966074202256
0.0011581261855742402
0.0012263853068267875
0.0012935289634089843
0.001358047580737654
0.0014177443455997752
0.001469032659727613
0.0015142345203249517
0.0015546135625847573
0.0015913171670133585
0.001625684755426696
0.001659540239056395
0.0016949366568872
0.0017342257890697848
0.0017799148569604202
0.0018348291684374698
0.0018962962175170378
0.001963427466412582
0.0020367956572884074
0.0021170438875095813
0.0022048886908964814
0.0023011291064606084
0.0024069008267405224
0.00252312435873439
0.002651044469438876
0.0027922354169381816
0.002948396006745346
0.003121438594192221
0.0033137147833732237
0.0035279009747740146
0.0037739485611774743
0.0040838043561993815
0.0044737411397057095
0.00496007218698196
0.005564360941691326
0.006312950558721743
0.00723747872055101
0.00837326277255217
0.009754135091080297
0.011399013152225482
0.013285042950990571
0.015298133474416926
0.01715945232042326
0.018407945495026827
0.019408576001536053
0.02039586034255602
0.021349909237084668
0.022247198621698397
0.023060750057734513
0.023760696120890643
0.024315443964393908
0.02469338367568075
0.0248649626874633
0.024925845773040644
0.024979581218099168
0.025025847162149076
0.02506432668658066
0.025094709088774456
0.025116691196799733
0.02512997872051413
0.025134134664291038
0.02500474182411188
0.024648677360298805
0.024097267013730293
0.023386169587520725
0.022552266313102788
0.021630993120639434
0.020654485229170426
0.019650490899746426
0.018641945573382928
0.01753754371621844
0.01581863548104313
0.013805282755021717
0.011839995675230995
0.010098478861159447
0.00863411294629539
0.007436100011657897
0.006468577333013336
0.005691265644067279
0.005067246172377867
0.0045663478883108625
0.0041646616235463015
0.0038427245772000994
0.0035859992359069327
0.003366230924619747
0.0031689761757631575
0.0029913429248775484
0.0028310675968489284
0.0026861352749563638
0.0025547490750319965
0.0024355353275399114
0.0023270858354904477
0.0022283983152820326
0.002138344115971945
0.00205612590842504
0.0019810252972453043
0.0019123946378954491
0.00184964974243284
0.001792912056871463
0.0017449867291735313
0.0017042558282533843
0.0016680704593295356
0.0016339191106168444
0.001599766097996238
0.0015638105963187217
0.0015244907242928294
0.0014809001413187538
0.0014311744160107067
0.0013740627562617552
0.0013108557212221342
0.0012438663547410967
0.0011758827737942377
0.001108403514593975
0.0010426328163474165
0.0009794737745447914
0.0009196035083407563
0.0008633812058026129
0.0008109975751288156
0.0007624466995195597
0.0007173976403969515
0.0006754081316999885
0.0006357236640542445
0.0005979054872659105
0.0005620422421868199
0.0005271592173209814
0.0004941909726678085
0.000461932558205427
0.00043169769666992486
0.00040176215792074295
0.00037390246179735303
0.00034671310127797625
0.0003207402037141123
0.00029671298228817986
0.00027338339486148426
0.00025131574232185996
0.00023102940239215684
0.0002123805865743133
0.00019448654817839036
0.0001778571106031553
0.00016264956156807585
0.00014874232347851274
0.00013602421414781731
0.0001243935579452265
0.00011338122692992094
0.00010326049084516319
9.40431609209477e-05
8.564859651175659e-05
7.800335518921161e-05
7.104055020842569e-05
6.469926532870532e-05
5.892402186909271e-05
5.3664293336096e-05
4.887406337707823e-05
4.4511423192079e-05
4.053820488176716e-05
3.691964752384693e-05
3.3624093056416057e-05
